8622
4526
8626
3775
8307
4092
309
4999
933
9873
7826
7964
3108
1331
2947
6123
4576
1826
5704
4687
7901
1674
1336
8901
6021
3258
8892
5870
7535
7048
6159
5830
2711
9298
552
4479
4931
1071
3347
7746
8976
6150
5034
6841
8010
4835
1040
5435
93
7835
9309
3926
7100
2974
9428
437
4339
4935
9683
6927
3475
7702
7623
7792
5342
2492
6937
6498
1142
3690
3057
7938
2496
2130
845
4514
9701
136
2325
3243
5531
6682
9431
748
747
9998
2045
9013
6545
9745
8558
5717
2671
1619
3216
9110
6957
4670
4115
4252
7408
5552
5334
1204
8770
6080
4760
4527
493
8833
1601
2815
7439
3695
4915
1108
1816
1349
1806
6057
7610
8227
5587
5909
4535
65
2409
3799
3154
7247
9444
9575
8931
31
1002
4886
8920
4324
6898
5919
1987
5192
7169
2591
1045
1505
5779
492
3372
8864
5358
8429
5085
9000
4329
6435
2451
8163
7827
184
8418
2882
9155
6777
5632
4689
9147
6043
5436
4240
2256
3282
7907
5474
2969
8445
5516
7302
6162
2898
3254
9642
2759
4644
770
660
7229
9023
3774
334
287
6627
9624
3061
1076
2246
8463
6712
9449
7578